0.000 0.000 0.000 0.000 0.000 0.120 0.000 0.000 0.000 0.400
0.000 0.000 0.000 0.000 0.000 0.150 0.002 0.000 0.000 0.400
0.000 0.000 0.000 0.000 0.000 0.150 0.002 0.000 0.000 0.400
0.118 0.002 0.408 0.000 0.000 0.002 0.000 0.000 0.000 0.400
0.150 0.000 0.204 0.000 0.000 0.000 0.002 0.000 0.000 0.400
0.150 0.000 0.268 0.000 0.000 0.000 0.002 0.000 0.000 0.400
0.526 0.002 0.000 0.000 0.000 0.624 0.000 0.000 0.000 0.400
0.911 0.002 0.000 0.000 0.000 0.289 0.000 0.000 0.000 0.400
0.118 0.002 1.662 0.000 0.000 0.002 0.000 0.000 0.000 0.400
0.148 0.002 0.881 0.000 0.000 0.002 0.000 0.000 0.000 0.400
0.150 0.000 0.602 0.000 0.000 0.000 0.002 0.000 0.000 0.400
0.158 0.002 0.871 0.000 0.000 0.002 0.000 0.000 0.000 0.400
0.148 0.002 0.821 0.000 0.000 0.002 0.000 0.000 0.000 0.400
0.148 0.002 1.223 0.000 0.000 0.002 0.000 0.000 0.000 0.400
1.100 0.000 0.060 0.000 0.000 0.000 0.002 0.000 0.000 0.400
0.528 0.000 0.000 0.000 0.000 0.722 0.002 0.000 0.000 0.400
0.611 0.000 0.000 0.000 0.000 0.889 0.002 0.000 0.000 0.400
0.221 0.002 0.000 0.000 0.000 2.029 0.000 0.000 0.000 0.400
0.223 0.000 0.000 0.000 0.000 2.027 0.002 0.000 0.000 0.400
0.654 0.002 0.000 0.000 0.000 1.596 0.000 0.000 0.000 0.400
1.873 0.000 0.000 0.000 0.000 0.127 0.002 0.000 0.000 0.400
1.526 0.002 0.000 0.000 0.000 0.424 0.000 0.000 0.000 0.400
1.248 0.002 0.123 0.000 0.000 0.002 0.000 0.000 0.000 0.400
0.548 0.002 0.823 0.000 0.000 0.002 0.000 0.000 0.000 0.400
