0.120
0.000
0.400
0.000
0.150
0.000
0.000
0.000
0.150
0.000
0.000
0.000
0.120
0.528
0.000
0.408
0.150
0.354
0.000
0.204
0.150
0.418
0.000
0.268
1.150
0.528
0.000
0.000
1.200
0.913
0.000
0.000
0.120
1.782
0.000
1.662
0.150
1.031
0.000
0.881
0.150
0.752
0.000
0.602
0.160
1.031
0.000
0.871
0.150
0.971
0.000
0.821
0.150
1.373
0.000
1.223
1.100
1.160
0.000
0.060
1.250
0.528
0.000
0.000
1.500
0.611
0.000
0.000
2.250
0.223
0.000
0.000
2.250
0.223
0.000
0.000
2.250
0.656
0.000
0.000
2.000
1.873
0.000
0.000
1.950
1.528
0.000
0.000
1.250
1.373
0.000
0.123
0.550
1.373
0.000
0.823
